2 5 10 ;13 ;;;;10 ;25 ;15 17 ;47 ;31 ;32 34 ;33 36 40 ;38 ;43 ;45 ;48 ;49 ;50 ;51 ;4 ;
;3 ;;;;;;;;;;;;;;;;;;;
3 ;4 ;;;;;;;;;;;;;;;;;;;
;;;;;;;;;;;;;;;;;;;;
;6 ;;;;;;;;;;;;;;;;;;;
6 ;7 ;;;;;;;;;;;;;;;;;;;
;;8 ;;;;;;;;;;;;;;;;;;
;;;9 ;;;;;;;;;;;;;;;;;
;;;;4 ;;;;;;;;;;;;;;;;
;11 ;;;;;;;;;;;;;;;;;;;
11 ;12 ;;;;11 ;11 ;;;;;;;;;;;;;;
;;;;;;;;;;;;;;;;;;;;
;14 ;;;;;13 ;;;;;;;;;;;;;;
;;;;;;;;;;;;;;;;;;;;
;16 ;;;;;;;;;;;;;;;;;;;
;14 ;;;;;16 ;;;;;;;;;;;;;;
;;;;;;18 ;;;;;;;;;;;;;;
;19 ;;;;;;;;;;;;;;;;;;;
;20 ;;;;;19 ;;;;;;;;;;;;;;
;;;;;;;;21 ;;;;;;;;;;;;
;;;;;;22 ;;;;;;;;;;;;;;
;23 ;;;;;;;;;;;;;;;;;;;
;24 ;;;;;23 ;;;;;;;;;;;;;;
;;;;;;;;;;;;;;;;;;;;
;26 ;;;;;;;;;;;;;;;;;;;
;27 ;;;;;26 ;;;;;;;;;;;;;;
;;;;;;;;28 ;;;;;;;;;;;;
;;;;;;29 ;;;;;;;;;;;;;;
;30 ;;;;;;;;;;;;;;;;;;;
;24 ;;;;;30 ;;;;;;;;;;;;;;
;;;;;;;;;;;;;;;;;;;;
;;;;;;;;;;;;;;;;;;;;
;;;;;;;;;;;;;;;;;;;;
;;;;;;;;;35 ;;;;;;;;;;;
;;;;;;;;;;;;;;;;;;;;
;;;;;;;;;37 ;;;;;;;;;;;
;;;;;;;;;;;;;;;;;;;;
;;;;;;;;;39 ;;;;;;;;;;;
;;;;;;;;;;;;;;;;;;;;
;;;;;;;;;41 ;;;;;;;;;;;
;;;;;;;;;;42 ;;;;;;;;;;
;;;;;;;;;;;;;;;;;;;;
;;;;;;;;;;;;;44 ;;;;;;;
;;;;;;;;;;;;;;;;;;;;
;;;;;;;;;;;;;;46 ;;;;;;
;;;;;;;;;;;;;;;;;;;;
;;;;;;;;;;;;;;;;;;;;
;;;;;;;;;;;;;;;;;;;;
;;;;;;;;;;;;;;;;;;;;
;;;;;;;;;;;;;;;;;;;;
;52 ;;;;;;;;;;;;;;;;;;;
52 ;53 ;;;;;52 ;;;;;;;;;;;;;;
;;;;;;;;;;;;;;;;;;54 ;;
;;;;;;;;;;;;;;;;;;;;
printmar
-2 0 0 0 0 -3 4 -5 -6 -7 -8 -9 10 11 12 -13 -14 -15 16 -17 
-18 0 19 0 0 -20 -20 0 0 0 0 0 0 0 0 0 0 0 0 0 
-20 0 0 0 0 -20 -20 0 0 0 0 0 0 0 0 0 0 0 0 0 
0 0 0 0 0 0 21 0 22 0 0 0 0 0 0 0 0 0 0 0 
0 0 0 0 0 0 -23 0 0 0 0 0 0 0 0 0 0 0 0 0 
0 0 0 0 0 0 0 0 0 0 0 0 0 0 0 0 0 0 0 0 
0 0 0 0 0 0 0 0 0 0 0 0 0 0 0 0 0 0 0 0 
0 0 0 0 0 0 0 0 0 -24 0 0 0 0 0 0 0 0 0 0 
0 0 0 0 0 0 0 0 0 -25 0 0 0 0 0 0 0 0 0 0 
0 0 0 0 0 0 0 0 0 -26 0 0 0 0 0 0 0 0 0 0 
0 0 0 0 0 0 0 0 0 0 0 0 0 -27 0 0 0 0 0 0 
0 0 0 0 0 0 0 0 0 0 0 0 0 0 -28 0 0 0 0 0 
0 0 0 0 0 0 0 0 0 0 0 0 0 0 0 0 0 0 0 0 
0 0 0 0 0 0 0 0 0 0 0 0 0 0 0 0 0 0 0 0 
0 0 0 0 0 0 0 0 0 0 0 0 0 0 0 0 0 0 0 0 
29 0 0 0 0 0 29 0 0 0 0 0 0 0 0 0 0 0 -30 0 
0 0 0 0 0 0 0 0 0 0 0 0 0 0 0 0 0 0 0 0 
-18 0 19 0 0 -20 -20 0 0 0 0 0 0 0 0 0 0 0 0 0 
0 0 0 31 0 0 0 0 0 0 0 0 0 0 0 0 0 0 0 0 
-20 0 0 0 0 -20 -20 0 0 0 0 0 0 0 0 0 0 0 0 0 
0 0 0 0 0 0 21 0 22 0 0 0 0 0 0 0 0 0 0 0 
0 0 0 0 0 0 -32 0 0 0 0 0 0 0 0 0 0 0 0 0 
0 0 0 0 0 0 -33 0 34 0 0 0 0 0 0 0 0 0 0 0 
0 0 0 0 0 0 0 0 0 0 0 0 0 0 0 0 0 0 0 0 
0 0 0 0 0 0 0 0 0 0 -35 0 0 0 0 0 0 0 0 0 
0 0 0 0 0 0 0 0 0 0 0 0 0 0 0 0 0 0 0 0 
0 0 0 0 0 0 0 0 0 0 0 0 0 0 0 0 0 0 0 0 
0 0 0 0 0 0 0 0 0 0 0 0 0 0 0 0 0 0 0 0 
29 0 0 0 0 0 29 0 0 0 0 0 0 0 0 0 0 0 -30 0 
0 0 0 0 0 0 0 0 0 0 0 0 0 0 0 0 0 0 0 0 
0 0 0 0 -17 0 0 0 0 0 0 0 0 0 0 0 0 0 0 0 
0 0 0 0 0 0 -36 0 0 0 0 0 0 0 0 0 0 0 0 0 
0 0 0 0 0 0 -33 0 34 0 0 0 0 0 0 0 0 0 0 0 
0 0 0 0 0 0 -37 0 0 0 0 0 0 0 0 0 0 0 0 0 
0 0 0 0 0 0 0 0 0 0 0 0 0 0 0 0 0 0 0 0 
0 0 0 0 0 0 -36 0 0 0 0 0 0 0 0 0 0 0 0 0 
0 0 0 0 0 0 -38 0 0 0 0 0 0 0 0 0 0 0 0 0 
0 0 0 0 0 0 -38 0 0 0 0 0 0 0 0 0 0 0 0 0 
SELECT *
S
2
E
18
L
18
E
18
C
18
T
18
 
19
*
0
SELECT KEYWORD
*
